1390
1384
1435
1353
1347
0059
1421
1409
0071
823
837
1192
1186
0298
1151
1637
0529
1623
1145
0515
0267
1179
1025
0449
1031
1019
0307
0461
0475
0313
1582
770
1596
994
758
980
1541
0139
1227
1233
1555
957
0105
943
0111
1569
0110
942
0104
956
1232
1554
1540
1226
0138
981
995
765
1597
1583
771
0474
0306
1018
0460
0448
1030
1024
0500
1178
0266
0272
0514
1622
1144
1150
0528
0299
1187
1193
836
0064
1408
822
0070
0058
1346
1434
1352
1391
0099
1387
1393
1422
808
1350
1436
1378
0066
834
0072
1185
1191
0258
1146
1620
1634
0264
0502
1608
0516
0270
1032
1026
0338
0476
0462
1595
767
773
1581
983
997
1556
0648
1230
1224
1542
940
0112
954
0106
1219
0107
955
799
0113
941
1225
969
1543
1557
1231
996
982
772
1580
1594
766
0463
0305
0311
0339
1027
1033
0488
0517
1609
0271
0265
0503
1635
1153
1147
0259
1621
1190
1184
821
0073
835
0067
1351
1437
1423
809
1345
1392
1386
0098
1382
0088
1396
831
0063
1369
825
0077
1341
1427
1433
1355
819
1180
1619
0507
0261
0275
0513
1625
1143
0249
1631
0473
0315
0301
0467
1037
0329
992
762
1590
1584
776
945
1209
0103
951
789
979
1235
1553
1547
1221
1546
1220
1234
978
1552
788
950
1208
944
0116
1585
777
763
1591
993
987
1022
0328
1036
0300
0466
0472
0314
0499
1156
0248
1630
1624
1142
0512
0506
1618
0260
1195
1181
1432
1354
1340
1426
0076
824
0062
830
1397
0089
1383
1395
826
0074
1418
832
0060
1356
0048
1430
1424
1342
1197
0289
1183
0510
0276
1168
0262
0504
1632
1154
1140
1626
0538
0464
0302
1008
0316
0458
1020
1034
749
985
775
1587
1593
761
0100
952
1578
0114
946
1222
1544
1550
0128
1236
1551
1237
0129
1223
1545
947
0115
953
0101
1579
1592
760
774
1586
984
990
748
1035
0459
1021
0317
1009
0471
0465
0303
1141
0539
1627
1633
1155
0263
0505
0511
1169
1182
0288
1196
1425
1343
1357
1431
1419
833
0075
827
1380
1394
667
1495
1481
673
897
1330
1456
1442
1324
868
698
0012
840
1318
0006
854
0589
1683
1654
1132
0238
1126
1640
1668
0576
0204
1085
1091
1046
0358
1052
0402
0370
0416
1287
713
0199
1293
908
1244
1522
1536
0628
1250
934
0166
1278
0600
0614
920
0172
0615
0173
921
935
0601
0629
1537
1251
1245
909
1523
1292
706
0198
712
1286
0371
0417
0365
1053
0359
1047
1090
1084
0205
0563
0577
1669
0211
1127
0239
1641
1655
1133
1682
0588
855
0007
1319
841
0013
1443
869
1331
1457
896
882
1480
672
666
1494
670
1496
664
894
880
658
1327
0039
1441
1455
1333
857
1469
0011
843
1680
1643
1125
1131
1657
0549
0561
0207
1119
0213
0575
1092
0398
0429
1051
1045
0415
0373
1079
0401
1290
1284
1253
1535
1521
0159
923
0171
1509
0617
0603
937
0165
0602
0164
936
0170
922
0616
1520
1246
0158
1252
1534
739
711
1285
1291
705
0366
1078
0400
0414
0372
1044
0428
1050
1087
0399
1093
0212
0574
0560
1118
0206
1130
0548
1656
1642
1124
1681
1468
842
0010
856
0004
1454
1332
1326
1440
659
881
895
1497
665
891
885
1487
675
1493
1478
852
0000
846
0014
1444
1322
1336
0028
1450
0202
0564
0570
0216
1108
1120
1646
0558
1652
1134
0389
1097
1068
0376
0410
0404
0362
1054
0438
1040
729
701
1281
715
0612
0174
926
0160
932
0606
1530
0148
1256
1242
1524
1243
1525
1531
1257
0149
933
0161
1519
0613
927
0175
714
1280
1294
700
728
0439
1041
1055
0377
1069
0411
1082
1096
0388
1653
1135
1121
0559
1647
0571
1109
0217
0203
0565
1684
0029
1337
1451
1445
1323
0015
847
1479
0001
853
660
1492
1486
674
884
886
892
1490
662
676
1484
1309
845
0017
689
851
0003
1453
1335
879
1321
1447
0598
0215
0573
1679
0567
0201
0229
1137
1651
1645
1123
1080
0361
0407
0413
0375
1043
1057
0349
1282
702
1296
0188
0163
0177
925
1269
0611
1527
0639
919
1255
1533
1254
918
1532
0638
1526
1240
1268
0176
0610
0604
930
0162
0189
1297
703
717
1283
1056
1042
0412
0374
0406
1095
1081
1644
1122
1136
0228
1650
0566
0200
0214
0572
0599
1320
1446
1452
878
1334
0002
850
688
0016
844
1308
677
1485
1491
663
893
887
652
1488
685
1463
1305
691
849
0033
861
1339
875
0594
0580
1675
1113
0219
1107
1661
1649
0557
0231
0225
0543
0386
1098
0392
1067
0379
1073
0423
0345
0351
0437
732
726
0190
929
1265
1503
1517
0609
915
0635
901
0153
0634
0152
1258
0146
914
0620
0608
1516
1264
928
1502
0191
0185
727
733
0350
0436
0422
0344
1072
0378
0393
0387
0224
0542
0556
1648
0230
1106
0218
1660
1674
1112
0595
874
0026
1338
860
0032
1462
848
690
1304
1310
684
1489
653
889
651
679
1306
692
0018
1460
1474
686
1312
876
1448
0030
862
0583
0597
1662
1104
1676
0568
0540
0226
1138
0232
0391
0385
0408
1070
0434
0352
1058
0346
0420
725
731
719
0193
0187
1272
1514
1500
0178
1266
902
0150
1528
0636
0622
916
0144
0623
0145
917
0151
903
0637
1501
1267
0179
1273
1515
0186
1298
0192
718
724
0347
1059
0421
0435
0353
1065
0409
1071
0384
0390
0233
0555
0541
1139
0227
1111
0569
1677
1663
1105
0596
0582
1449
863
0031
877
0025
1475
687
0019
693
1307
1461
678
888
668
898
1459
873
0021
867
0035
1465
1303
697
683
1317
1471
0586
0223
0237
1129
1101
1667
0579
1673
1115
0394
0380
0357
0431
0425
0343
0419
1061
1288
0196
708
0182
720
734
0633
907
0141
913
1539
0627
1511
0169
1277
1262
1504
1510
0168
912
0140
0626
1538
0632
0154
735
709
0197
0418
1060
0424
0342
0356
1048
0430
0381
0395
1672
1114
1100
0578
0550
1128
0236
0222
0544
0593
0587
0008
1316
682
1470
1464
696
1302
0034
866
1458
872
655
669
1499
657
1328
0036
870
0022
1472
680
1314
858
1300
694
1466
0591
0585
0234
0552
1658
0546
0220
0208
1116
1670
1664
1102
0383
0397
1089
0340
0426
0432
0354
1062
0368
0181
0195
737
723
0624
0142
910
0156
904
1248
0630
1506
0618
1260
938
1274
1275
939
1513
0619
1507
1261
1249
905
0157
0631
0625
911
0143
722
0194
0180
0369
1077
1063
0433
0355
0341
0427
1088
0396
0382
1665
1103
1117
0209
1671
0547
1659
0235
0553
0584
695
1301
1467
1473
859
1315
681
0023
871
0037
865
1329
1498
0093
1399
1414
1372
1366
0078
1400
0050
802
0291
0285
1170
1616
0508
1602
1164
0534
0520
0246
1158
0483
0497
1004
0468
1010
1038
0326
0440
0454
0332
751
989
745
779
1560
0118
792
1206
1212
1574
0642
976
0124
962
0130
0131
963
1549
0643
0125
977
787
1213
1575
1561
1207
793
0119
778
744
988
750
0455
0333
0327
1039
0441
0469
1011
1005
0496
0482
0521
0253
0535
1603
1165
1171
0509
1617
0284
0290
817
0045
1429
803
0051
0079
1367
1401
1415
1373
0086
0084
0090
1403
1365
1371
1417
1359
0047
815
0053
801
1198
0286
0292
0279
1167
1601
1615
1173
0245
0523
1629
0537
0251
0494
0480
1013
1007
0319
0331
0457
0443
746
752
1588
1577
1211
785
949
791
1205
1563
0133
975
0127
1239
0641
1238
0126
974
0640
0132
960
1204
790
948
1562
1576
784
1210
1589
753
747
0442
0324
0330
0456
0318
1006
0481
0495
0536
1628
0250
0244
1614
1172
1166
0278
1600
0293
0287
1199
800
814
0046
1358
1370
1416
1402
828
0091
0085
0081
0095
810
0042
1348
804
1360
1406
1412
1374
838
0283
1189
0297
1638
0240
0254
0532
1604
1162
0268
1176
0485
0334
0446
1016
0308
1002
1599
757
964
1228
0650
0644
0122
1214
780
1572
1566
794
1200
1567
795
781
1215
959
1573
0645
971
0123
1229
965
0137
756
742
1598
0309
1017
0321
0447
0453
0335
0484
0490
1177
0269
1611
1605
1163
0255
0533
0527
0241
0296
1188
0282
1413
839
1375
1361
1407
0057
805
1349
0043
811
0094
0080
0096
1388
0082
807
0055
813
0041
1377
0069
1411
1405
1363
0294
0280
1149
0243
1613
1175
1161
0519
0486
0492
0445
0323
1029
0337
0451
0479
1001
1015
768
740
998
0121
973
1559
0647
0135
967
797
1565
1571
0109
1217
783
1570
782
1216
0108
1202
796
1564
966
0134
972
0120
1558
741
755
769
1014
1000
0336
1028
0450
0444
0322
0493
0487
1160
0518
1606
1612
1174
0242
0524
1148
0256
0281
1404
1362
0068
1376
1410
1438
0040
812
0054
806
0083
1389
0097
